# SSP fundamental properties
# ages [yr]    metallicities     alive stellar mass [Msun]
1000000.0   0.0037047   1.0
1000000.0   0.007564   1.0
1000000.0   0.019   0.9999999999999999
1000000.0   0.0315321   1.0
3981099.9999999995   0.0037047   0.9557
3981099.9999999995   0.007564   0.9557
3981099.9999999995   0.019   0.9557
3981099.9999999995   0.0315321   0.9557000000000001
3000000.0   0.0037047   1.0
3000000.0   0.007564   1.0
3000000.0   0.019   0.9999999999999998
3000000.0   0.0315321   1.0
5623000.0   0.0037047   0.9431000000000002
5623000.0   0.007564   0.9431
5623000.0   0.019   0.9431
5623000.0   0.0315321   0.9431
8913000.0   0.0037047   0.925894830319993
8913000.0   0.007564   0.9259023192397975
8913000.0   0.019   0.92589683546884
8913000.0   0.0315321   0.9259116357123798
12590000.0   0.0037047   0.914967273947147
12590000.0   0.007564   0.9149575054755192
12590000.0   0.019   0.9149646584511701
12590000.0   0.0315321   0.9149453531624394
14130000.0   0.0037047   0.9103905981750005
14130000.0   0.007564   0.9103736019680435
14130000.0   0.019   0.910386047461991
14130000.0   0.0315321   0.9103524581048087
17780000.0   0.0037047   0.9017320047721824
17780000.0   0.007564   0.9017241656279664
17780000.0   0.019   0.9017299058511904
17780000.0   0.0315321   0.9017144134642281
19950000.0   0.0037047   0.898172823200699
19950000.0   0.007564   0.8981895072189545
19950000.0   0.019   0.8981772903255769
19950000.0   0.0315321   0.8982102627087587
10000000.0   0.0037047   0.9226644104730298
10000000.0   0.007564   0.9226667977380921
10000000.0   0.019   0.922665049660244
10000000.0   0.0315321   0.9226697675775456
25119000.0   0.0037047   0.8896947542868756
25119000.0   0.007564   0.8897698531561973
25119000.0   0.019   0.8897148619145651
25119000.0   0.0315321   0.8898632787202695
31620000.000000004   0.0037047   0.8826417708659005
31620000.000000004   0.007564   0.8826468436108185
31620000.000000004   0.019   0.8826431290869641
31620000.000000004   0.0315321   0.8826531542791369
39811000.0   0.0037047   0.8755429029157982
39811000.0   0.007564   0.8753886859222126
39811000.0   0.019   0.8755016115099696
39811000.0   0.0315321   0.8751968347033414
56230000.0   0.0037047   0.8630072857799276
56230000.0   0.007564   0.8622881421984416
56230000.0   0.019   0.8636436186434603
56230000.0   0.0315321   0.8625373468332842
63100000.0   0.0037047   0.85920475365424
63100000.0   0.007564   0.8580400839461001
63100000.0   0.019   0.8607744067245362
63100000.0   0.0315321   0.8591876215923118
63000000.0   0.0037047   0.859260103466841
63000000.0   0.007564   0.8581019188551589
63000000.0   0.019   0.8608161710901684
63000000.0   0.0315321   0.8592363803294438
70800000.0   0.0037047   0.8549428180839644
70800000.0   0.007564   0.8532787959485703
70800000.0   0.019   0.8575585505708662
70800000.0   0.0315321   0.8554331988331432
112200000.0   0.0037047   0.8381283488470077
112200000.0   0.007564   0.8358934932553458
112200000.0   0.019   0.8438789174605792
112200000.0   0.0315321   0.8421199567726334
125900000.00000001   0.0037047   0.8332480425208951
125900000.00000001   0.007564   0.8310612851340246
125900000.00000001   0.019   0.8397568857036273
125900000.00000001   0.0315321   0.83848487545869
158500000.0   0.0037047   0.8238509895293248
158500000.0   0.007564   0.8216867433631154
158500000.0   0.019   0.8320905618251748
158500000.0   0.0315321   0.8314370320712179
199500000.0   0.0037047   0.8154596586880637
199500000.0   0.007564   0.8131815326123366
199500000.0   0.019   0.8257620392259739
199500000.0   0.0315321   0.8250508347838699
100000000.0   0.0037047   0.8424743150644218
100000000.0   0.007564   0.8401966274947706
100000000.0   0.019   0.8475496318718795
100000000.0   0.0315321   0.8453570364828604
281800000.0   0.0037047   0.801071144855765
281800000.0   0.007564   0.7986059826828172
281800000.0   0.019   0.8149242399836394
281800000.0   0.0315321   0.8141992729425878
354800000.0   0.0037047   0.7940092215658064
354800000.0   0.007564   0.7914746351279536
354800000.0   0.019   0.809642093364441
354800000.0   0.0315321   0.8091417371626204
501200000.0   0.0037047   0.780097467256179
501200000.0   0.007564   0.7774309113341036
501200000.0   0.019   0.7992022051764454
501200000.0   0.0315321   0.799139280581623
707900000.0   0.0037047   0.7685366783383738
707900000.0   0.007564   0.7659177144666
707900000.0   0.019   0.7894035496082912
707900000.0   0.0315321   0.7895386648128753
891300000.0   0.0037047   0.7607075049760359
891300000.0   0.007564   0.7580896082019246
891300000.0   0.019   0.7827229562404572
891300000.0   0.0315321   0.7830660373016245
10000000000.0   0.0037047   0.6966921974027038
10000000000.0   0.007564   0.695385742535749
10000000000.0   0.019   0.7197563269130921
10000000000.0   0.0315321   0.7201172171313255
1122000000.0   0.0037047   0.7533582033041646
1122000000.0   0.007564   0.7506992916157205
1122000000.0   0.019   0.7763914746961689
1122000000.0   0.0315321   0.7770293450412045
12589300000.0   0.0037047   0.691603233870812
12589300000.0   0.007564   0.6895302474038502
12589300000.0   0.019   0.71539376253943
12589300000.0   0.0315321   0.715727079848918
1258900000.0   0.0037047   0.7489970442279653
1258900000.0   0.007564   0.7463137938235604
1258900000.0   0.019   0.7726343016427963
1258900000.0   0.0315321   0.7734471032967247
14125400000.0   0.0037047   0.6856
14125400000.0   0.007564   0.6834
14125400000.0   0.019   0.7136
14125400000.0   0.0315321   0.714
1412500000.0   0.0037047   0.7441038810862254
1412500000.0   0.007564   0.7413933229625247
1412500000.0   0.019   0.7684188028772885
1412500000.0   0.0315321   0.7694278751597483
1995300000.0   0.0037047   0.7338572995607509
1995300000.0   0.007564   0.7315677237584849
1995300000.0   0.019   0.7553137580328468
1995300000.0   0.0315321   0.7564077492238968
2511900000.0   0.0037047   0.7263951168578788
2511900000.0   0.007564   0.7245056997775474
2511900000.0   0.019   0.7479623891614098
2511900000.0   0.0315321   0.748976515214433
3548100000.0   0.0037047   0.7185003120501455
3548100000.0   0.007564   0.7168987703304001
3548100000.0   0.019   0.7403951212295058
3548100000.0   0.0315321   0.7413662162885669
4466800000.0   0.0037047   0.7132225378802131
4466800000.0   0.007564   0.7117480192050956
4466800000.0   0.019   0.7350417440755598
4466800000.0   0.0315321   0.7360149577478907
6309600000.0   0.0037047   0.7048294851403119
6309600000.0   0.007564   0.7036621613103503
6309600000.0   0.019   0.7267696562765371
6309600000.0   0.0315321   0.7275887713822836
7943300000.0   0.0037047   0.7008409870353552
7943300000.0   0.007564   0.7000284726978513
7943300000.0   0.019   0.7233174453353133
7943300000.0   0.0315321   0.7237507352733132
