1.093701809916789669e+00
1.093446009388627127e+00
1.044863876858762586e+00
1.030607793940738093e+00
1.002241931463522695e+00
9.935676283345067361e-01
9.920643240555272468e-01
9.871484196528947930e-01
9.765311453261906749e-01
9.773395183842901179e-01
9.702863384812937531e-01
9.521649477949349905e-01
9.429772578538067052e-01
9.193418848695147361e-01
9.167952649633771545e-01
9.166316513030722257e-01
9.054807221223007963e-01
8.906740612437745730e-01
8.648318748081516016e-01
8.634124987239832905e-01
8.763481058063496976e-01
8.684059839557228822e-01
8.377516369049184952e-01
8.299583461428202691e-01
8.320195762072339907e-01
8.183523364476363859e-01
7.986016686121730768e-01
7.942942907193150104e-01
7.974016955105192039e-01
7.880999359947650218e-01
7.654590480765020022e-01
7.651029077416866553e-01
7.599761603119683517e-01
7.520846775109915061e-01
7.376766377506674965e-01
7.364661571172522736e-01
7.355184373530673225e-01
7.353821076567130799e-01
7.139682059660321656e-01
1.046600637906579978e+00
1.052683699742573031e+00
1.005861404572577777e+00
9.859515054847721727e-01
9.730876604050324730e-01
9.636201807457720481e-01
9.586760082827970875e-01
9.549070100093821623e-01
9.485868086193798288e-01
9.393360504181976767e-01
9.364295336787590296e-01
9.245233028917395623e-01
9.219879646769253423e-01
9.090717757745242489e-01
9.041853262140838732e-01
9.000223892880994114e-01
8.939096617583933702e-01
8.827713969788758552e-01
8.817061115174383845e-01
8.796575827223224175e-01
8.747041501946900555e-01
8.568448880862227224e-01
8.422316120520997318e-01
8.301660434085119666e-01
8.138783392977475550e-01
8.047909934545329769e-01
8.007196555629867429e-01
7.956618875599081875e-01
7.945063238909527703e-01
7.779725506155533710e-01
7.739701668489660236e-01
7.718222603903353018e-01
7.633346399631842916e-01
7.360979838662523589e-01
7.405133268085510867e-01
7.433436890090985294e-01
7.405651957349917991e-01
7.163869910436327926e-01
7.192823421356027147e-01
1.063948018595433531e+00
1.066254002464640971e+00
9.966242582027184937e-01
9.919245333705238865e-01
9.856853556997058341e-01
9.817326654595029956e-01
9.621140401475638537e-01
9.623246517532043631e-01
9.600716467023978629e-01
9.583060998625823057e-01
9.290405508886357966e-01
9.292014570671992546e-01
9.279579194203505521e-01
9.166086607670748121e-01
8.984975524953858761e-01
9.051805885243813243e-01
9.075586888324576051e-01
8.960599038235856906e-01
8.778428320295132981e-01
8.787930670005063005e-01
8.767857581669494804e-01
8.720901106315682716e-01
8.450210895505857467e-01
8.422040220782540665e-01
8.383785532724705725e-01
8.310249451484451599e-01
8.095335185732578376e-01
8.041819956360849453e-01
8.080556584453351121e-01
8.060533096926749685e-01
7.591877637091752895e-01
7.573682461247466247e-01
7.590938827756008589e-01
7.581681458285006725e-01
7.508268029347544559e-01
7.474864088980900378e-01
7.500413946096772255e-01
7.502983959137652370e-01
7.150595143432993961e-01
1.008214928362648255e+00
1.022237439808313608e+00
9.825590682692504352e-01
9.708973789693066125e-01
9.527216733466803422e-01
9.589839144838206986e-01
9.586305186376317122e-01
9.119231713370976600e-01
9.091657565629025495e-01
9.160171850287542883e-01
9.127704985226584578e-01
9.041922744723274175e-01
8.978834622329671111e-01
8.962692523274269352e-01
8.992255148141412580e-01
8.743523893725326790e-01
8.751482494089060094e-01
8.740599517134828300e-01
8.798277998906007813e-01
8.505634105597535966e-01
8.483261427797296195e-01
8.535829044163369961e-01
8.490546863083099360e-01
8.177461906698165750e-01
8.142762121850437573e-01
8.160726788401323484e-01
8.154924173496208573e-01
7.848797063266346186e-01
7.869235127096100291e-01
7.946554122861503311e-01
7.865074926116502052e-01
7.561708612267509233e-01
7.522439398759092066e-01
7.572746026124336227e-01
7.559173980547548855e-01
7.294420234428302674e-01
7.297077044264679291e-01
7.362251538918794802e-01
7.395471066880531241e-01
