# ID   AGE     MET  log(M/L)
  0  0.0010  0.0037  2.4988 
  1  0.0010  0.0076  2.4653 
  2  0.0010  0.0190  2.3874 
  3  0.0010  0.0315  2.3165 
  4  0.0040  0.0037  2.2793 
  5  0.0040  0.0076  2.1352 
  6  0.0040  0.0190  2.0636 
  7  0.0040  0.0315  2.0596 
  8  0.0030  0.0037  1.8223 
  9  0.0030  0.0076  1.9877 
 10  0.0030  0.0190  2.0646 
 11  0.0030  0.0315  1.8227 
 12  0.0056  0.0037  2.1964 
 13  0.0056  0.0076  2.0879 
 14  0.0056  0.0190  2.1231 
 15  0.0056  0.0315  2.1331 
 16  0.0089  0.0037  2.2777 
 17  0.0089  0.0076  2.3045 
 18  0.0089  0.0190  2.4664 
 19  0.0089  0.0315  2.4702 
 20  0.0126  0.0037  2.5079 
 21  0.0126  0.0076  2.5233 
 22  0.0126  0.0190  2.5126 
 23  0.0126  0.0315  2.5128 
 24  0.0141  0.0037  2.5957 
 25  0.0141  0.0076  2.5705 
 26  0.0141  0.0190  2.5854 
 27  0.0141  0.0315  2.5868 
 28  0.0178  0.0037  2.6729 
 29  0.0178  0.0076  2.6350 
 30  0.0178  0.0190  2.6956 
 31  0.0178  0.0315  2.6968 
 32  0.0199  0.0037  2.6912 
 33  0.0199  0.0076  2.6627 
 34  0.0199  0.0190  2.7461 
 35  0.0199  0.0315  2.7411 
 36  0.0100  0.0037  2.3628 
 37  0.0100  0.0076  2.4533 
 38  0.0100  0.0190  2.4572 
 39  0.0100  0.0315  2.4579 
 40  0.0251  0.0037  2.7246 
 41  0.0251  0.0076  2.7324 
 42  0.0251  0.0190  2.7990 
 43  0.0251  0.0315  2.7878 
 44  0.0316  0.0037  2.7566 
 45  0.0316  0.0076  2.7875 
 46  0.0316  0.0190  2.8820 
 47  0.0316  0.0315  2.8480 
 48  0.0398  0.0037  2.8246 
 49  0.0398  0.0076  2.8562 
 50  0.0398  0.0190  2.8960 
 51  0.0398  0.0315  2.8928 
 52  0.0562  0.0037  2.9207 
 53  0.0562  0.0076  2.9363 
 54  0.0562  0.0190  2.9449 
 55  0.0562  0.0315  3.0290 
 56  0.0631  0.0037  2.9540 
 57  0.0631  0.0076  2.9618 
 58  0.0631  0.0190  2.9920 
 59  0.0631  0.0315  3.0582 
 60  0.0630  0.0037  2.9444 
 61  0.0630  0.0076  2.9595 
 62  0.0630  0.0190  2.9788 
 63  0.0630  0.0315  3.0570 
 64  0.0708  0.0037  2.9794 
 65  0.0708  0.0076  2.9860 
 66  0.0708  0.0190  3.0219 
 67  0.0708  0.0315  3.0820 
 68  0.1122  0.0037  3.0757 
 69  0.1122  0.0076  3.0921 
 70  0.1122  0.0190  3.1364 
 71  0.1122  0.0315  3.1782 
 72  0.1259  0.0037  3.0496 
 73  0.1259  0.0076  3.0975 
 74  0.1259  0.0190  3.1665 
 75  0.1259  0.0315  3.2046 
 76  0.1585  0.0037  3.1125 
 77  0.1585  0.0076  3.1572 
 78  0.1585  0.0190  3.2302 
 79  0.1585  0.0315  3.2619 
 80  0.1995  0.0037  3.1769 
 81  0.1995  0.0076  3.2224 
 82  0.1995  0.0190  3.2914 
 83  0.1995  0.0315  3.3226 
 84  0.1000  0.0037  3.0608 
 85  0.1000  0.0076  3.0661 
 86  0.1000  0.0190  3.1087 
 87  0.1000  0.0315  3.1503 
 88  0.2818  0.0037  3.2759 
 89  0.2818  0.0076  3.3267 
 90  0.2818  0.0190  3.3905 
 91  0.2818  0.0315  3.4151 
 92  0.3548  0.0037  3.3451 
 93  0.3548  0.0076  3.3898 
 94  0.3548  0.0190  3.4536 
 95  0.3548  0.0315  3.4800 
 96  0.5012  0.0037  3.4436 
 97  0.5012  0.0076  3.4862 
 98  0.5012  0.0190  3.5540 
 99  0.5012  0.0315  3.5893 
100  0.7079  0.0037  3.5399
101  0.7079  0.0076  3.5817
102  0.7079  0.0190  3.6722
103  0.7079  0.0315  3.7121
104  0.8913  0.0037  3.6049
105  0.8913  0.0076  3.6561
106  0.8913  0.0190  3.7498
107  0.8913  0.0315  3.7940
108 10.0000  0.0037  4.4090
109 10.0000  0.0076  4.4927
110 10.0000  0.0190  4.6194
111 10.0000  0.0315  4.6734
112  1.1220  0.0037  3.6733
113  1.1220  0.0076  3.7220
114  1.1220  0.0190  3.8254
115  1.1220  0.0315  3.8717
116 12.5893  0.0037  4.4739
117 12.5893  0.0076  4.5559
118 12.5893  0.0190  4.6921
119 12.5893  0.0315  4.7468
120  1.2589  0.0037  3.6872
121  1.2589  0.0076  3.7108
122  1.2589  0.0190  3.8425
123  1.2589  0.0315  3.9025
124 14.1254  0.0037  4.5025
125 14.1254  0.0076  4.5907
126 14.1254  0.0190  4.7262
127 14.1254  0.0315  4.7841
128  1.4125  0.0037  3.6748
129  1.4125  0.0076  3.7972
130  1.4125  0.0190  3.8539
131  1.4125  0.0315  3.9113
132  1.9953  0.0037  3.8713
133  1.9953  0.0076  3.9426
134  1.9953  0.0190  4.0494
135  1.9953  0.0315  4.1000
136  2.5119  0.0037  3.9444
137  2.5119  0.0076  4.0191
138  2.5119  0.0190  4.1346
139  2.5119  0.0315  4.1948
140  3.5481  0.0037  4.0553
141  3.5481  0.0076  4.1363
142  3.5481  0.0190  4.2629
143  3.5481  0.0315  4.3122
144  4.4668  0.0037  4.1375
145  4.4668  0.0076  4.2079
146  4.4668  0.0190  4.3345
147  4.4668  0.0315  4.3926
148  6.3096  0.0037  4.2619
149  6.3096  0.0076  4.3427
150  6.3096  0.0190  4.4721
151  6.3096  0.0315  4.5193
152  7.9433  0.0037  4.3381
153  7.9433  0.0076  4.4284
154  7.9433  0.0190  4.5476
155  7.9433  0.0315  4.5992